3 2 256 1 3600 1 1 0
3 2 512 1 3600 1 1 0
3 2 256 1 3600 1 1 1
3 2 512 1 3600 1 1 1
3 2 256 5 3600 1 1 0
3 2 512 5 3600 1 1 0
3 2 256 5 3600 1 1 1
3 2 512 5 3600 1 1 1
3 2 256 10 3600 1 1 0
3 2 512 10 3600 1 1 0
3 2 256 10 3600 1 1 1
3 2 512 10 3600 1 1 1
3 3 256 1 3600 1 1 0
3 3 512 1 3600 1 1 0
3 3 256 1 3600 1 1 1
3 3 512 1 3600 1 1 1
3 3 256 5 3600 1 1 0
3 3 512 5 3600 1 1 0
3 3 256 5 3600 1 1 1
3 3 512 5 3600 1 1 1
3 3 256 10 3600 1 1 0
3 3 512 10 3600 1 1 0
3 3 256 10 3600 1 1 1
3 3 512 10 3600 1 1 1
3 1 256 1 3600 1 1 0
3 1 512 1 3600 1 1 0
3 1 256 1 3600 1 1 1
3 1 512 1 3600 1 1 1
3 1 256 5 3600 1 1 0
3 1 512 5 3600 1 1 0
3 1 256 5 3600 1 1 1
3 1 512 5 3600 1 1 1
3 1 256 10 3600 1 1 0
3 1 512 10 3600 1 1 0
3 1 256 10 3600 1 1 1
3 1 512 10 3600 1 1 1
